0    04/03/2024
1    04/04/2024
2    04/05/2024
3    04/06/2024
4    04/07/2024
5    04/08/2024
6    04/09/2024
7    04/10/2024
8    04/11/2024
9    04/12/2024
Name: DATE, dtype: object
0    17:56
1    18:56
2    19:56
3    20:56
4    21:56
5    22:56
6    23:56
7     0:56
8     1:56
9     2:56
Name: TIME, dtype: object
0    90
1    91
2    93
3    89
4    88
5    90
6    94
7    95
8    91
9    90
Name: GT, dtype: int64
0    70
1    75
2    72
3    73
4    76
5    78
6    72
7    74
8    79
9    70
Name: WB, dtype: int64
0    80
1    81
2    86
3    88
4    84
5    89
6    83
7    79
8    88
9    80
Name: AT, dtype: int64
0    105
1    115
2    120
3    125
4    100
5    132
6     99
7    114
8    131
9    105
Name: IRT, dtype: int64
0    29.92
1    29.92
2    29.92
3    29.92
4    29.92
5    29.92
6    29.92
7    29.92
8    29.92
9    29.92
Name: P, dtype: float64
0    68.9
1    70.0
2    69.0
3    88.5
4    50.0
5    66.6
6    55.0
7    70.0
8    65.0
9    68.9
Name: RH, dtype: float64
0    20
1    10
2     0
3    11
4    13
5    15
6    18
7     5
8     8
9     7
Name: WS, dtype: int64
0    270
1    180
2     90
3      0
4     55
5     89
6    127
7    288
8    335
9    270
Name: WD, dtype: int64
0    41.546497
1    41.546497
2    41.546497
3    41.546497
4    41.546497
5    41.546497
6    41.546497
7    41.546497
8    41.546497
9    41.546497
Name: LAT, dtype: float64
0   -90.598999
1   -90.598999
2   -90.598999
3   -90.598999
4   -90.598999
5   -90.598999
6   -90.598999
7   -90.598999
8   -90.598999
9   -90.598999
Name: LON, dtype: float64
0    180
1     90
2      0
3    270
4    315
5      5
6     37
7    198
8    245
9    180
Name: COMP, dtype: int64
